0,1,2,3,4,5,6,7,8
1.0000002,0.240765,0.14670917,0.2982607,0.31461486,0.32454678,0.14039752,0.4527321,0.26013607
0.240765,0.9999998,0.34481746,0.17222556,0.2523727,0.23948675,0.14367054,0.14334157,0.35403937
0.14670917,0.34481746,1.0,0.063405864,0.0030722767,0.393393,0.36632508,0.09008373,0.19948594
0.2982607,0.17222556,0.063405864,0.9999997,0.3763693,0.17743826,0.12828563,0.36400518,0.2075629
0.31461486,0.2523727,0.0030722767,0.3763693,1.0000004,0.29146993,0.13967082,0.26248384,0.33428413
0.32454678,0.23948675,0.393393,0.17743826,0.29146993,1.0000002,0.38713998,0.26747727,0.30941993
0.14039752,0.14367054,0.36632508,0.12828563,0.13967082,0.38713998,0.9999998,0.13362722,0.105027676
0.4527321,0.14334157,0.09008373,0.36400518,0.26248384,0.26747727,0.13362722,1.0,0.20107716
0.26013607,0.35403934,0.19948593,0.2075629,0.3342842,0.30941993,0.105027676,0.20107716,1.0000004
