0,1,2,3,4,5,6,7,8
0.9999999,0.10197126,0.3462069,0.38816553,0.05240246,0.051013857,0.2967764,-0.011957651,0.040970664
0.10197126,1.0000002,0.29162213,0.10537124,0.15107839,0.21734655,0.06611144,0.1531766,0.45812196
0.3462069,0.29162213,0.9999996,0.6541443,0.4646079,0.45648536,0.4737916,0.35408476,0.3181608
0.38816553,0.10537124,0.6541443,1.0000002,0.4403329,0.40516168,0.5518506,0.2559522,0.2603765
0.05240246,0.15107839,0.4646079,0.4403329,1.0000005,0.5121999,0.33757716,0.27296385,0.39198205
0.051013857,0.21734655,0.45648536,0.40516168,0.5121999,0.9999997,0.19051075,0.4172578,0.32484525
0.2967764,0.06611144,0.4737916,0.5518506,0.33757716,0.19051075,0.99999994,0.07988499,0.14878151
-0.011957651,0.1531766,0.35408476,0.2559522,0.27296385,0.4172578,0.07988499,1.0000001,0.31744328
0.040970653,0.45812193,0.31816077,0.2603765,0.39198205,0.32484525,0.1487815,0.3174433,0.99999976
