0,1,2,3,4,5,6,7,8
1.0000002,0.9137757,0.14670917,0.2982607,0.7319865,0.32454678,0.14039752,0.4527321,0.92472374
0.9137757,0.9999998,0.18449599,0.32312655,0.7224772,0.339578,0.1635027,0.4281068,0.8943666
0.14670917,0.18449599,1.0,0.063405864,0.10052051,0.393393,0.36632508,0.09008373,0.16054101
0.2982607,0.32312655,0.063405864,0.9999997,0.7367432,0.17743826,0.12828563,0.36400518,0.3436814
0.7319865,0.7224772,0.10052051,0.7367432,0.99999976,0.35478222,0.24151202,0.43224704,0.74324095
0.32454678,0.339578,0.393393,0.17743826,0.35478222,1.0000002,0.38713998,0.26747727,0.34294176
0.14039752,0.1635027,0.36632508,0.12828563,0.24151202,0.38713998,0.9999998,0.13362722,0.14392944
0.4527321,0.4281068,0.09008373,0.36400518,0.43224704,0.26747727,0.13362722,1.0,0.45014262
0.92472386,0.8943667,0.160541,0.3436814,0.74324095,0.34294176,0.14392944,0.45014262,0.99999946
