0,1,2,3,4,5,6,7,8
0.99999994,0.19899945,0.817245,0.6006333,0.38848734,0.28522724,0.058564834,0.7228155,0.62931454
0.19899945,0.9999995,0.26676673,0.3596183,0.34357047,0.11376675,0.07236593,0.06576163,0.17204684
0.817245,0.26676673,1.0,0.57501876,0.433523,0.4076322,0.07446903,0.637492,0.56407666
0.6006333,0.3596183,0.57501876,1.0000005,0.4238126,0.21131566,-0.014265338,0.57257324,0.5461198
0.38848734,0.34357047,0.433523,0.4238126,1.0000001,0.15500762,0.08737214,0.25341618,0.19908172
0.28522724,0.11376675,0.4076322,0.21131566,0.15500762,1.0000001,0.18982026,0.16749343,0.16716436
0.058564834,0.07236593,0.07446903,-0.014265338,0.08737214,0.18982026,0.99999976,0.052744314,0.060704235
0.7228155,0.06576163,0.637492,0.57257324,0.25341618,0.16749343,0.052744314,1.0,0.6289607
0.62931454,0.17204684,0.5640768,0.54611975,0.19908172,0.16716436,0.06070424,0.6289608,1.0
